7 0.31640625 0.7131944444444445 0.0984375 0.05694444444444444
7 0.31171875 0.6791666666666667 0.1 0.058333333333333334
7 0.705078125 0.7576388888888889 0.05859375 0.15138888888888888
7 0.974609375 0.5361111111111111 0.04921875 0.03611111111111111
7 0.771484375 0.5736111111111111 0.03359375 0.05
7 0.65859375 0.5347222222222222 0.04375 0.03333333333333333
7 0.482421875 0.5166666666666667 0.03671875 0.025
7 0.494921875 0.5284722222222222 0.02578125 0.02638888888888889
7 0.20859375 0.5416666666666666 0.0625 0.03888888888888889
7 0.157421875 0.48333333333333334 0.03359375 0.030555555555555555
7 0.23046875 0.5423611111111111 0.015625 0.029166666666666667