7 0.37265625 0.47430555555555554 0.05625 0.05694444444444444
7 0.40859375 0.45555555555555555 0.0390625 0.03888888888888889
7 0.47109375 0.43819444444444444 0.0921875 0.05138888888888889
7 0.4515625 0.4152777777777778 0.096875 0.03611111111111111
7 0.529296875 0.4013888888888889 0.07109375 0.07222222222222222
7 0.81875 0.5041666666666667 0.096875 0.08888888888888889
7 0.919921875 0.38125 0.08671875 0.07083333333333333
7 0.4125 0.33402777777777776 0.0609375 0.04583333333333333
7 0.369140625 0.32916666666666666 0.03046875 0.027777777777777776
7 0.125390625 0.3659722222222222 0.08203125 0.0375
7 0.17109375 0.32430555555555557 0.0359375 0.05694444444444444